237	16,10,9,20,13,1,6,15,21,17
69	24,33,35,28,31,30,25,34,27,29
182	48,44,52,38,46,41,36,39,51,45
214	56,63,61,64,65,58,57,62,55,59
356	69,77,70,67,73,66,76,68,74,72
276	83,79,78,81,80,82
204	105,115,101,90,135,134,122,89,107,102
51	150,140,145,142,151,147,152,155,141,144
221	195,193,176,189,191,173,178,194,175,185
227	209,223,219,202,198,220,227,221,207,205
115	241,235,240,257,228,239,245,255,236,229
364	259,265,269,268,258,263,266,262,264,261
198	279,283,274,292,289,277,276,281,293,273
245	309,301,307,294,311,297,296,304,310,306
271	327,323,316,318,334,329,330,326,314,321
307	356,345,341,346,342,349,343,344,358,350
89	363,365,375,379,361,370,369,383,373,367
336	389,399,400,388,390,386,392,398,384,387
242	440,438,435,432,442,419,420,436,449,418
153	451,464,458,456,463,461,467,453,462,454
293	530,525,524,542,502,541,483,515,537,484
128	558,570,561,574,571,556,573,559,554,568
305	578,581,577,576,579,580
98	583,595,611,584,598,610,606,590,585,593
37	635,638,636,640,624,622,630,616,629,615
181	653,644,647,648,643,651,642,650,649,652
193	664,688,679,678,686,680,689,681,662,677
133	723,726,707,711,701,725,693,703,720,713
260	736,737,747,739,758,748,733,754,762,763
186	778,789,769,777,784,768,783,781,770,776
127	801,798,799,802,792,794,796,793,797,800
156	809,804,815,813,814,811,812,805,808,810
354	829,857,848,827,830,840,864,852,842,850
152	880,879,876,872,871,878,877,881,873,870
131	884,882,885,889,893,894,898,895,883,899
110	902,909,911,912,907,910,908,917,906,905
241	924,918,920,928,927,921,926,919,929,923
94	930,944,934,943,938,941,946,932,935,936
262	958,952,953,962,951,949,963,965,961,950
183	974,968,970,973,976,972,975,971,969,977
297	989,992,999,981,994,979,982,988,987,1005
368	1012,1013,1019,1017,1009,1018,1008,1011,1015,1016
85	1046,1041,1047,1057,1026,1028,1054,1040,1037,1044
306	1065,1066,1077,1072,1076,1073,1063,1084,1068,1082
379	1124,1112,1131,1141,1107,1118,1110,1135,1129,1093
280	1152,1154,1155,1156,1147,1150,1148,1149,1151,1153
104	1180,1176,1166,1186,1168,1184,1175,1169,1174,1172
335	1192,1198,1199,1195,1202,1197,1196,1194,1193,1204
286	1206,1210,1207,1211,1209,1208
105	1225,1219,1221,1230,1215,1224,1212,1213,1231,1233
15	1244,1238,1241,1245,1239,1243,1236,1246,1247,1240
279	1267,1274,1289,1261,1281,1295,1288,1293,1259,1249
256	1297,1302,1298,1299,1300,1307,1303,1301,1306,1304
304	1312,1310,1308,1311,1313,1309
65	1336,1404,1410,1360,1316,1361,1325,1363,1411,1343
123	1435,1427,1439,1417,1434,1431,1422,1437,1421,1418
327	1440,1448,1498,1462,1469,1495,1471,1444,1460,1468
168	1515,1507,1522,1500,1521,1516,1514,1523,1509,1518
325	1566,1574,1527,1570,1572,1565,1549,1528,1585,1559
170	1597,1592,1591,1593,1606,1603,1598,1602,1599,1601
216	1611,1619,1649,1631,1624,1637,1625,1648,1643,1626
45	1692,1726,1794,1739,1674,1682,1753,1683,1707,1790
9	1844,1835,1807,1828,1839,1805,1803,1843,1815,1817
369	1854,1896,1911,1870,1850,1888,1921,1857,1902,1849
259	1934,1936,1932,1927,1929,1930,1933,1935,1931,1928
353	1940,1946,1943,1942,1945,1949,1938,1941,1939,1947
100	1954,1955,1958,1961,1967,1957,1959,1953,1964,1963
350	1974,1973,1972,1979,1971,1977,1975,1968,1978,1976
146	2001,2015,1983,1998,1993,2002,2009,1992,2012,1990
144	2025,2031,2036,2033,2032,2029,2038,2023,2037,2035
91	2041,2043,2051,2050,2045,2046,2048,2049,2040,2042
194	2054,2056,2055,2057,2052,2053
236	2067,2066,2065,2068,2061,2059,2060,2058,2062,2063
87	2078,2079,2076,2083,2085,2071,2077,2086,2072,2075
16	2096,2100,2105,2095,2098,2099,2094,2103,2097,2102
199	2117,2113,2116,2120,2106,2107,2108,2111,2121,2112
222	2126,2133,2124,2132,2127,2125,2130,2131,2129,2128
315	2137,2147,2152,2144,2153,2150,2136,2140,2141,2138
39	2174,2176,2172,2170,2166,2169,2161,2168,2158,2160
225	2189,2181,2187,2178,2180,2188,2183,2184,2185,2182
31	2190,2191,2192,2193,2194,2195
263	2224,2240,2244,2204,2201,2261,2205,2242,2258,2207
317	2267,2263,2272,2262,2265,2264,2270,2273,2269,2268
275	2275,2288,2282,2274,2292,2291,2286,2284,2281,2276
41	2298,2299,2309,2308,2303,2301,2302,2307,2304,2305
143	2320,2332,2333,2326,2338,2312,2321,2313,2339,2334
161	2350,2345,2348,2342,2349,2346,2341,2343,2340,2347
318	2361,2357,2356,2355,2353,2354,2358,2362,2359,2363
93	2368,2364,2371,2373,2374,2365,2369,2372,2366,2370
375	2379,2383,2380,2390,2391,2376,2387,2386,2381,2385
76	2417,2399,2420,2400,2404,2395,2413,2405,2409,2414
234	2435,2499,2495,2481,2501,2427,2436,2502,2459,2493
330	2547,2539,2546,2552,2528,2529,2557,2544,2558,2560
132	2572,2563,2577,2576,2570,2564,2571,2562,2568,2565
361	2587,2581,2585,2592,2593,2597,2590,2591,2582,2583
47	2598,2599,2600,2601,2602,2603
167	2612,2610,2611,2604,2608,2607,2605,2609,2615,2606
343	2633,2643,2631,2619,2641,2624,2621,2623,2636,2638
84	2646,2649,2647,2657,2652,2650,2651,2648,2656,2654
345	2674,2667,2670,2659,2668,2661,2666,2663,2662,2672
82	2687,2690,2691,2702,2689,2694,2678,2698,2703,2688
122	2743,2780,2764,2733,2756,2759,2712,2783,2713,2774
26	2792,2789,2791,2788,2786,2794,2787,2793,2785,2790
292	2802,2804,2801,2796,2806,2800,2797,2807,2803,2799
22	2808,2809,2811,2810,2812,2813
213	2815,2816,2825,2823,2818,2814,2820,2821,2822,2819
378	2870,2838,2880,2839,2832,2837,2860,2882,2906,2932
118	2937,2938,2942,2939,2941,2944,2936,2934,2943,2940
288	2951,2947,2946,2950,2955,2953,2954,2956,2948,2952
382	2960,2958,2969,2962,2964,2959,2967,2963,2961,2965
117	2975,2970,2980,2979,2981,2974,2973,2977,2976,2971
324	3002,3022,2984,2983,3001,3006,3018,2986,3021,3009
329	3039,3028,3031,3026,3029,3045,3034,3030,3033,3032
367	3057,3056,3059,3049,3058,3053,3051,3050,3048,3054
380	3095,3097,3094,3096,3078,3115,3062,3093,3071,3066
381	3132,3136,3130,3128,3129,3135,3133,3122,3124,3137
28	3143,3138,3146,3144,3142,3148,3147,3149,3139,3141
360	3150,3155,3158,3152,3157,3151,3154,3161,3160,3156
284	3169,3186,3190,3163,3182,3180,3170,3174,3166,3168
154	3212,3201,3198,3219,3200,3199,3192,3194,3205,3221
282	3233,3243,3222,3245,3237,3226,3231,3235,3229,3225
265	3252,3253,3269,3249,3246,3262,3264,3256,3265,3261
162	3273,3272,3275,3274,3270,3281,3271,3276,3277,3280
125	3285,3291,3289,3284,3282,3283,3287,3292,3288,3293
359	3310,3308,3309,3295,3299,3296,3306,3311,3300,3298
136	3350,3323,3346,3358,3316,3360,3362,3343,3355,3321
95	3369,3382,3371,3380,3366,3385,3378,3384,3376,3368
109	3446,3527,3461,3511,3520,3426,3419,3421,3515,3432
78	3546,3529,3542,3548,3537,3535,3532,3539,3551,3549
19	3565,3556,3552,3569,3560,3575,3568,3554,3555,3553
120	3576,3579,3577,3581,3580,3578
328	3583,3589,3590,3592,3593,3582,3587,3584,3585,3591
20	3632,3631,3643,3629,3626,3617,3642,3606,3641,3598
4	3670,3659,3652,3666,3653,3675,3649,3673,3669,3667
74	3696,3699,3686,3691,3693,3689,3684,3694,3697,3692
103	3705,3710,3712,3703,3709,3706,3707,3713,3704,3711
308	3718,3725,3723,3715,3720,3724,3716,3721,3719,3717
135	3737,3728,3726,3741,3732,3731,3739,3743,3729,3736
246	3749,3748,3772,3775,3779,3768,3752,3767,3771,3764
195	3789,3791,3784,3782,3780,3787,3790,3793,3795,3796
185	4060,3831,4050,4009,3799,3990,3852,4032,3861,3837
179	4076,4063,4075,4067,4066,4073,4071,4070,4072,4079
285	4144,4101,4150,4176,4182,4146,4163,4099,4125,4100
321	4201,4204,4199,4189,4203,4202,4208,4192,4197,4207
155	4219,4226,4216,4217,4231,4241,4235,4214,4238,4236
303	4247,4244,4251,4249,4245,4242,4252,4246,4243,4253
43	4278,4275,4254,4280,4276,4265,4283,4268,4269,4281
232	4300,4285,4298,4305,4293,4291,4284,4303,4289,4306
196	4312,4310,4311,4313,4309,4308
151	4315,4340,4346,4317,4316,4319,4349,4323,4324,4344
173	4352,4355,4350,4353,4359,4361,4351,4356,4360,4357
295	4375,4362,4371,4364,4377,4365,4374,4370,4373,4363
309	4386,4383,4390,4384,4382,4393,4388,4395,4394,4385
300	4398,4402,4409,4405,4407,4406,4404,4400,4403,4408
113	4412,4439,4428,4432,4437,4426,4438,4433,4435,4423
187	4463,4462,4488,4449,4486,4442,4443,4479,4473,4497
219	4530,4517,4527,4514,4533,4521,4512,4531,4532,4535
46	4544,4540,4552,4543,4550,4548,4542,4545,4541,4549
138	4561,4555,4559,4569,4564,4556,4571,4554,4560,4566
40	4574,4573,4577,4572,4575,4576
42	4619,4615,4585,4588,4580,4594,4589,4581,4614,4578
148	4654,4682,4628,4702,4659,4694,4674,4693,4688,4644
192	4721,4715,4725,4711,4724,4709,4714,4705,4720,4716
171	4729,4734,4728,4732,4737,4731,4736,4735,4739,4730
75	4742,4745,4740,4741,4744,4743
96	4767,4765,4770,4776,4778,4769,4783,4750,4746,4775
63	4804,4794,4805,4802,4798,4795,4801,4803,4799,4800
251	4807,4820,4811,4814,4810,4809,4827,4822,4816,4826
190	4840,4836,4841,4843,4838,4846,4842,4844,4845,4839
25	4858,4849,4864,4850,4853,4851,4862,4863,4859,4860
323	4879,4866,4876,4871,4868,4875,4867,4872,4883,4870
149	4885,4888,4886,4887,4889,4884
99	4895,4913,4899,4906,4918,4893,4916,4908,4905,4890
337	4973,4967,4936,4934,4947,4942,5005,4992,4940,5007
268	5021,5015,5016,5012,5018,5020,5014,5013,5019,5010
332	5022,5026,5023,5027,5024,5025
129	5080,5037,5060,5063,5041,5072,5069,5046,5077,5047
27	5087,5085,5084,5083,5082,5086
175	5111,5094,5116,5095,5106,5122,5104,5090,5101,5096
142	5130,5136,5138,5135,5139,5126,5137,5132,5124,5131
174	5147,5155,5163,5159,5148,5158,5145,5151,5146,5143
331	5166,5177,5173,5175,5176,5171,5167,5174,5169,5172
59	5184,5192,5181,5195,5191,5186,5189,5182,5178,5187
296	5203,5198,5207,5197,5206,5199,5205,5204,5201,5196
312	5214,5222,5210,5213,5209,5212,5216,5218,5208,5219
141	5230,5234,5229,5226,5235,5236,5232,5237,5231,5227
257	5238,5243,5240,5250,5242,5257,5251,5256,5244,5246
243	5298,5276,5264,5288,5294,5315,5301,5268,5305,5270
12	5334,5336,5316,5353,5357,5343,5342,5321,5318,5319
357	5404,5431,5420,5407,5435,5430,5409,5369,5434,5406
351	5461,5467,5460,5462,5465,5470,5471,5469,5468,5464
290	5477,5475,5482,5481,5473,5474,5479,5478,5483,5472
362	5488,5495,5486,5484,5485,5494,5491,5490,5493,5487
373	5518,5502,5511,5503,5497,5501,5496,5513,5516,5498
311	5520,5521,5525,5524,5522,5523
197	5549,5534,5547,5546,5539,5544,5554,5536,5552,5527
92	5573,5567,5569,5558,5564,5571,5557,5556,5568,5566
71	5585,5583,5577,5574,5580,5584,5578,5579,5581,5576
342	5596,5595,5591,5589,5586,5594,5588,5597,5590,5592
218	5627,5631,5620,5609,5598,5632,5618,5616,5633,5610
255	5635,5639,5648,5641,5655,5644,5634,5642,5645,5653
57	5659,5662,5658,5663,5661,5660
230	5671,5680,5682,5664,5688,5683,5696,5686,5667,5693
281	5701,5702,5705,5700,5704,5703
38	5710,5711,5707,5708,5709,5706
217	5714,5717,5716,5712,5715,5713
176	5805,5737,5757,5718,5768,5745,5813,5727,5725,5747
86	5830,5846,5828,5848,5826,5847,5837,5844,5824,5820
34	5858,5856,5855,5851,5852,5859,5853,5860,5854,5857
386	5867,5868,5879,5864,5870,5876,5869,5866,5875,5863
191	5898,5904,5889,5884,5881,5914,5890,5908,5888,5899
124	5917,5921,5918,5919,5916,5922,5925,5923,5926,5927
18	5944,5947,5949,5940,5952,5942,5939,5934,5943,5946
339	5979,5999,5960,5989,5974,5965,5972,5995,5996,5970
80	6057,6037,6020,6015,6033,6041,6045,6051,6012,6036
376	6063,6076,6072,6069,6064,6060,6066,6071,6077,6067
52	6135,6086,6088,6140,6080,6125,6098,6113,6093,6094
355	6153,6160,6150,6151,6152,6157,6156,6154,6155,6158
90	6194,6173,6181,6185,6167,6179,6188,6195,6164,6177
106	6204,6203,6206,6202,6201,6209,6208,6199,6200,6205
372	6211,6221,6217,6213,6222,6215,6219,6227,6220,6212
366	6233,6238,6239,6232,6235,6254,6249,6256,6248,6255
61	6266,6267,6264,6265,6268,6269
261	6336,6277,6293,6331,6317,6316,6301,6307,6285,6305
83	6342,6350,6365,6355,6376,6377,6363,6372,6370,6356
150	6383,6382,6385,6384,6389,6380,6387,6388,6386,6379
215	6412,6415,6418,6404,6396,6402,6399,6393,6401,6409
210	6429,6427,6421,6424,6420,6423,6431,6425,6426,6430
64	6436,6433,6434,6435,6432,6437
228	6440,6438,6446,6444,6441,6448,6449,6439,6445,6443
334	6458,6461,6459,6455,6460,6469,6451,6462,6457,6471
322	6484,6482,6477,6481,6478,6474,6475,6483,6485,6479
358	6488,6486,6487,6489,6491,6490
101	6523,6550,6522,6500,6495,6497,6527,6519,6542,6533
2	6568,6574,6564,6570,6566,6571,6567,6569,6575,6573
248	6595,6597,6599,6587,6580,6581,6583,6589,6585,6592
291	6610,6626,6622,6629,6607,6603,6621,6620,6600,6601
203	6632,6647,6645,6652,6641,6648,6640,6651,6639,6646
365	6658,6695,6656,6670,6694,6668,6674,6664,6685,6680
239	6712,6709,6713,6699,6718,6704,6700,6711,6696,6702
56	6728,6720,6722,6731,6723,6726,6729,6725,6727,6721
121	6733,6734,6732,6735,6736,6737
17	6742,6741,6740,6744,6748,6749,6739,6747,6746,6745
384	6750,6754,6755,6753,6752,6751
13	6760,6766,6757,6758,6778,6772,6776,6765,6762,6783
3	6790,6797,6793,6787,6788,6795,6789,6792,6791,6796
220	6821,6820,6805,6798,6802,6808,6803,6800,6818,6815
289	6825,6824,6829,6827,6826,6833,6828,6836,6838,6835
370	6840,6844,6843,6851,6847,6848,6850,6842,6845,6846
1	6858,6857,6854,6856,6860,6852,6861,6853,6859,6863
79	6868,6870,6867,6874,6873,6871,6865,6866,6869,6872
137	6877,6876,6878,6880,6881,6879
112	6897,6902,6889,6899,6887,6904,6900,6885,6886,6890
270	6910,6909,6920,6921,6918,6922,6912,6906,6915,6923
24	6925,6927,6928,6926,6924,6929
346	6934,6941,6944,6931,6936,6932,6935,6938,6937,6940
207	6979,6960,6978,6984,6965,6977,6973,7005,6951,6988
32	7023,7021,7025,7029,7026,7022,7028,7027,7030,7024
238	7041,7040,7034,7036,7033,7032,7035,7043,7037,7042
264	7050,7052,7056,7046,7051,7058,7055,7047,7044,7060
377	7069,7066,7070,7074,7067,7078,7075,7071,7079,7077
352	7080,7091,7084,7089,7086,7085,7090,7082,7081,7083
301	7100,7093,7095,7101,7102,7103,7107,7099,7106,7104
50	7110,7120,7112,7117,7118,7111,7113,7116,7114,7119
21	7133,7152,7145,7144,7123,7137,7153,7131,7126,7146
277	7158,7159,7160,7161,7163,7162
157	7168,7167,7166,7165,7169,7164
68	7177,7175,7172,7173,7178,7179,7176,7181,7180,7170
385	7192,7197,7183,7190,7193,7189,7198,7196,7195,7186
254	7216,7201,7207,7206,7210,7204,7214,7212,7208,7209
344	7220,7228,7224,7223,7229,7221,7219,7225,7227,7222
72	7242,7237,7233,7232,7235,7238,7245,7243,7239,7244
36	7271,7257,7289,7277,7316,7275,7303,7309,7317,7265
58	7348,7342,7339,7347,7341,7334,7338,7335,7332,7343
126	7351,7355,7354,7350,7352,7353
97	7401,7358,7419,7360,7411,7439,7415,7465,7384,7381
11	7507,7479,7492,7490,7478,7500,7482,7476,7512,7493
212	7521,7526,7528,7525,7529,7519,7527,7520,7523,7524
253	7557,7558,7543,7533,7542,7559,7553,7531,7556,7555
205	7581,7572,7574,7570,7567,7590,7576,7578,7595,7592
77	7606,7602,7603,7601,7599,7604,7597,7596,7605,7607
201	7701,7637,7714,7667,7707,7650,7612,7673,7608,7710
231	7717,7725,7718,7724,7731,7719,7723,7716,7726,7732
134	7737,7735,7736,7734,7739,7738
33	7743,7747,7742,7741,7745,7744,7740,7748,7751,7746
166	7753,7757,7761,7767,7755,7760,7766,7765,7764,7763
200	7770,7774,7771,7773,7772,7775
247	7781,7778,7779,7787,7782,7785,7776,7786,7783,7784
184	7789,7793,7790,7788,7792,7791
383	7794,7797,7796,7798,7795,7799
333	7810,7829,7834,7821,7801,7837,7831,7820,7805,7839
62	7852,7862,7855,7864,7863,7857,7868,7871,7853,7866
252	7882,7900,7883,7898,7884,7894,7907,7881,7878,7887
188	7920,7917,7929,7946,7936,7947,7922,7912,7948,7949
163	7950,7965,7961,7951,7958,7952,7956,7962,7967,7963
224	7973,7974,7979,7975,7968,7976,7978,7971,7970,7972
294	8007,7996,7991,7984,8009,8001,7980,7995,8020,8018
283	8025,8022,8053,8023,8062,8044,8052,8027,8049,8058
0	8065,8066,8064,8067,8069,8068
258	8077,8083,8073,8080,8070,8076,8081,8072,8078,8071
116	8089,8098,8100,8096,8104,8088,8109,8094,8106,8090
319	8127,8117,8121,8129,8116,8123,8134,8113,8119,8133
70	8157,8140,8167,8156,8142,8170,8141,8165,8149,8177
189	8196,8193,8192,8178,8182,8179,8200,8189,8195,8186
66	8204,8213,8208,8219,8205,8216,8218,8221,8243,8242
53	8275,8262,8280,8276,8265,8273,8282,8256,8270,8260
267	8305,8291,8288,8301,8307,8303,8299,8300,8306,8309
60	8311,8310,8318,8317,8313,8319,8312,8320,8315,8316
23	8331,8332,8323,8333,8322,8324,8326,8327,8329,8328
172	8337,8339,8334,8344,8341,8346,8340,8335,8342,8349
223	8375,8372,8356,8374,8364,8378,8365,8381,8380,8359
145	8387,8385,8384,8383,8382,8386
67	8388,8396,8389,8411,8409,8391,8393,8401,8400,8405
299	8416,8415,8417,8413,8414,8412
130	8437,8420,8440,8423,8439,8431,8430,8428,8433,8424
54	8493,8442,8483,8454,8481,8469,8486,8458,8444,8491
287	8510,8512,8517,8504,8505,8498,8500,8509,8513,8501
107	8525,8531,8548,8529,8539,8533,8520,8545,8528,8546
7	8559,8556,8552,8554,8551,8555,8557,8560,8561,8550
114	8585,8571,8624,8637,8629,8604,8640,8623,8562,8566
244	8655,8662,8647,8648,8653,8656,8661,8654,8663,8657
314	8677,8678,8667,8703,8664,8679,8698,8680,8706,8702
316	8718,8722,8719,8723,8720,8721
88	8728,8727,8725,8724,8726,8729
81	8740,8738,8732,8733,8737,8741,8735,8730,8739,8736
266	8745,8742,8747,8744,8746,8743
208	8753,8749,8767,8758,8762,8768,8752,8761,8771,8760
363	8775,8791,8784,8783,8774,8779,8773,8789,8786,8795
55	8804,8805,8803,8800,8798,8801,8802,8797,8799,8806
165	8818,8819,8815,8809,8817,8811,8810,8808,8814,8812
73	8821,8824,8825,8820,8822,8823
35	8832,8839,8831,8828,8841,8842,8847,8833,8849,8836
273	8856,8861,8872,8857,8870,8850,8871,8854,8860,8858
209	8882,8884,8885,8876,8879,8883,8878,8874,8877,8880
102	8891,8888,8890,8887,8886,8889
348	8915,8898,8910,8892,8896,8900,8893,8897,8895,8904
310	8930,8945,8916,8923,8937,8926,8943,8942,8925,8939
147	8954,8951,8952,8955,8953,8947,8946,8949,8948,8950
272	8981,8961,8975,8959,8972,8976,8960,8966,8964,8974
233	8985,8984,8986,8991,8992,8988,8990,8983,8982,8987
320	9005,8996,8999,9004,9000,8997,9001,9002,8998,8994
14	9013,9009,9008,9012,9022,9016,9019,9017,9006,9018
235	9025,9024,9028,9027,9026,9029
164	9047,9043,9046,9030,9035,9031,9032,9034,9033,9037
313	9052,9051,9050,9049,9048,9053
158	9060,9072,9061,9066,9083,9055,9065,9075,9062,9068
8	9100,9105,9101,9089,9107,9094,9085,9087,9103,9095
250	9111,9109,9110,9108,9112,9113
180	9114,9172,9146,9155,9115,9142,9160,9157,9126,9163
206	9184,9189,9174,9188,9176,9186,9190,9182,9179,9185
298	9196,9195,9192,9193,9197,9194
160	9206,9208,9198,9199,9205,9202,9200,9204,9207,9203
108	9227,9230,9211,9220,9213,9231,9228,9214,9217,9210
226	9247,9267,9266,9235,9262,9246,9236,9234,9268,9255
274	9273,9277,9275,9272,9270,9281,9276,9278,9280,9279
159	9283,9292,9290,9282,9284,9289,9287,9293,9286,9285
140	9294,9315,9304,9295,9308,9309,9302,9318,9298,9307
30	9340,9332,9333,9341,9338,9337,9336,9331,9339,9334
338	9342,9372,9344,9370,9353,9345,9362,9349,9351,9366
249	9403,9399,9378,9385,9387,9384,9406,9380,9402,9389
6	9408,9424,9416,9411,9425,9420,9423,9418,9413,9410
48	9427,9429,9426,9430,9428,9431
240	9433,9448,9434,9440,9443,9435,9439,9444,9447,9446
29	9453,9454,9451,9462,9450,9458,9457,9467,9465,9466
278	9485,9480,9481,9470,9473,9486,9477,9487,9482,9483
10	9526,9518,9502,9512,9517,9494,9511,9532,9499,9509
202	9564,9598,9554,9549,9561,9593,9538,9606,9602,9535
340	9622,9612,9620,9616,9621,9619,9615,9618,9614,9617
349	9628,9624,9629,9625,9626,9627
49	9873,9899,9644,9651,9646,9819,9762,9709,9902,9764
302	9916,9917,9910,9919,9909,9926,9920,9913,9914,9921
374	9947,9939,9956,9953,9968,9930,9937,9931,9960,9944
229	9978,9979,9971,9974,9980,9977,9969,9975,9976,9970
341	9990,9983,9985,9984,9981,9988,9986,9982,9987,9991
371	9994,9997,9996,9998,9995,9993
139	10006,10008,10005,9999,10001,10003,10004,10002,10010,10000
