237	8,13,22,2,23,17,12,5,6,1
69	29,35,33,25,31,28,30,27,26,34
182	49,46,41,50,48,52,43,53,38,39
214	60,59,57,65,55,61,56,63,62,58
356	69,76,71,70,77,67,66,74,75,68
276	82,81,79,83,80,78
204	99,102,124,93,122,89,121,111,130,134
51	154,153,149,148,138,144,151,139,146,155
221	158,180,191,188,187,166,185,193,159,170
227	217,205,208,203,224,201,219,213,209,202
115	253,236,228,255,246,230,242,240,244,229
364	264,267,263,269,265,262,261,268,259,258
198	279,276,293,277,288,281,272,273,289,271
245	311,295,300,309,310,301,303,296,294,308
271	328,316,333,314,315,322,313,325,318,330
307	355,352,337,351,350,356,349,353,346,357
89	361,373,374,375,370,360,381,371,382,369
336	393,398,396,388,401,395,385,387,389,394
242	429,405,440,411,431,424,420,428,402,427
153	464,452,460,461,458,450,462,467,463,451
293	541,531,484,530,490,509,480,518,512,502
128	554,555,560,570,552,559,572,563,556,571
305	578,581,576,577,580,579
98	609,607,608,585,606,586,594,596,591,600
37	615,631,621,634,639,637,612,627,636,620
181	650,644,653,649,648,643,646,651,647,652
193	656,689,688,658,683,665,680,654,670,660
133	692,695,701,709,717,700,715,704,724,694
260	732,734,737,760,750,758,733,745,759,751
186	779,769,770,788,790,773,777,781,783,768
127	792,797,801,799,796,800,794,795,793,798
156	809,806,804,815,814,807,808,811,813,812
354	833,849,820,853,841,834,858,848,845,829
152	874,872,870,873,875,879,880,871,877,878
131	884,895,889,892,883,888,887,899,893,894
110	911,907,913,906,903,912,916,904,910,909
241	928,922,919,926,929,921,918,920,927,925
94	932,935,934,938,941,939,937,942,930,946
262	957,956,963,964,961,951,948,950,954,965
183	975,973,977,976,967,972,969,974,970,966
297	997,1007,986,996,1003,989,1000,1005,983,999
368	1019,1018,1016,1015,1017,1008,1011,1012,1010,1009
85	1060,1030,1022,1042,1036,1025,1032,1051,1021,1037
306	1072,1074,1077,1063,1078,1082,1080,1070,1071,1076
379	1115,1088,1116,1101,1100,1126,1091,1141,1131,1102
280	1152,1151,1146,1155,1147,1153,1157,1156,1154,1150
104	1181,1160,1166,1170,1187,1186,1173,1164,1185,1172
335	1197,1201,1195,1203,1193,1191,1204,1189,1205,1200
286	1211,1209,1208,1207,1210,1206
105	1230,1234,1221,1222,1218,1219,1235,1213,1232,1217
15	1242,1244,1236,1243,1240,1247,1241,1246,1245,1237
279	1291,1273,1275,1260,1285,1277,1265,1279,1257,1283
256	1297,1304,1301,1299,1305,1306,1298,1307,1302,1300
304	1310,1312,1313,1308,1309,1311
65	1378,1383,1369,1320,1376,1403,1315,1384,1347,1408
123	1417,1437,1432,1421,1420,1423,1427,1430,1428,1425
327	1484,1466,1482,1447,1478,1465,1487,1457,1470,1499
168	1508,1505,1509,1506,1523,1503,1521,1501,1510,1511
325	1564,1560,1552,1531,1524,1536,1574,1554,1525,1533
170	1592,1590,1593,1595,1603,1606,1594,1601,1605,1591
216	1637,1620,1638,1633,1643,1642,1630,1626,1647,1632
45	1738,1790,1765,1700,1685,1749,1781,1779,1799,1729
9	1820,1814,1819,1842,1829,1809,1838,1836,1801,1811
369	1883,1855,1874,1908,1859,1921,1852,1881,1919,1907
259	1928,1930,1937,1929,1936,1934,1926,1935,1933,1927
353	1949,1945,1941,1948,1940,1943,1938,1947,1946,1942
100	1955,1967,1966,1952,1950,1956,1958,1963,1954,1951
350	1975,1976,1970,1977,1979,1973,1974,1968,1972,1971
146	1995,2001,1997,1983,1998,2013,1999,2015,2018,2006
144	2023,2034,2026,2028,2039,2038,2027,2024,2037,2025
91	2041,2040,2048,2049,2045,2051,2042,2044,2043,2047
194	2056,2052,2057,2053,2055,2054
236	2060,2061,2069,2059,2068,2058,2067,2065,2063,2066
87	2085,2086,2076,2090,2087,2081,2088,2082,2070,2089
16	2104,2097,2098,2099,2101,2095,2096,2102,2100,2105
199	2114,2119,2116,2109,2115,2110,2112,2118,2120,2107
222	2126,2129,2130,2127,2134,2135,2125,2133,2128,2124
315	2152,2145,2153,2136,2146,2150,2142,2148,2151,2144
39	2154,2175,2163,2166,2157,2159,2156,2177,2173,2168
225	2185,2186,2187,2184,2188,2180,2179,2183,2189,2181
31	2195,2194,2190,2192,2191,2193
263	2201,2209,2214,2226,2229,2210,2237,2234,2221,2242
317	2271,2266,2272,2267,2268,2273,2264,2262,2263,2270
275	2276,2294,2286,2279,2295,2285,2288,2274,2287,2293
41	2299,2300,2308,2301,2303,2309,2307,2305,2304,2302
143	2318,2310,2316,2335,2329,2320,2322,2311,2331,2325
161	2346,2345,2342,2348,2350,2341,2344,2349,2347,2351
318	2353,2356,2355,2362,2357,2359,2354,2360,2361,2352
93	2375,2368,2369,2374,2371,2372,2373,2370,2364,2365
375	2387,2385,2382,2383,2388,2391,2384,2390,2389,2378
76	2405,2404,2407,2409,2402,2423,2419,2403,2411,2416
234	2456,2472,2432,2493,2481,2450,2430,2502,2473,2453
330	2559,2555,2558,2544,2534,2561,2537,2519,2540,2551
132	2562,2569,2567,2575,2572,2565,2566,2576,2573,2564
361	2581,2591,2589,2596,2583,2595,2590,2588,2594,2585
47	2599,2603,2602,2598,2601,2600
167	2606,2605,2614,2613,2611,2615,2610,2612,2607,2604
343	2631,2624,2644,2638,2629,2636,2634,2621,2616,2643
84	2654,2650,2655,2646,2648,2653,2652,2647,2649,2656
345	2663,2675,2668,2670,2672,2661,2659,2671,2669,2662
82	2695,2678,2694,2693,2692,2699,2696,2679,2698,2688
122	2773,2774,2767,2720,2746,2779,2741,2745,2742,2762
26	2791,2785,2784,2795,2790,2786,2792,2787,2793,2789
292	2804,2802,2807,2801,2797,2796,2806,2799,2798,2805
22	2813,2810,2809,2808,2811,2812
213	2817,2821,2825,2823,2816,2819,2820,2814,2815,2824
378	2888,2882,2891,2897,2931,2926,2832,2919,2905,2911
118	2943,2944,2941,2940,2937,2936,2938,2934,2939,2942
288	2949,2952,2946,2957,2950,2948,2951,2953,2956,2955
382	2958,2968,2960,2962,2963,2965,2961,2969,2966,2959
117	2974,2971,2970,2977,2979,2978,2975,2981,2972,2980
324	3011,2983,2989,3001,2987,2998,2990,3003,2985,3023
329	3038,3035,3032,3029,3047,3025,3034,3043,3033,3045
367	3059,3054,3057,3049,3052,3050,3056,3051,3058,3048
380	3079,3076,3093,3065,3100,3110,3089,3087,3092,3103
381	3136,3137,3127,3120,3130,3126,3135,3129,3131,3132
28	3139,3146,3142,3141,3148,3147,3149,3140,3145,3143
360	3151,3161,3155,3158,3157,3152,3154,3160,3150,3159
284	3168,3166,3190,3178,3180,3177,3165,3182,3186,3189
154	3220,3192,3210,3199,3200,3196,3201,3221,3207,3193
282	3233,3225,3243,3226,3241,3232,3245,3224,3238,3222
265	3252,3260,3268,3257,3246,3254,3247,3258,3250,3262
162	3275,3274,3279,3276,3273,3278,3270,3277,3271,3272
125	3283,3289,3286,3290,3282,3287,3285,3288,3292,3291
359	3303,3304,3302,3310,3311,3298,3307,3297,3301,3296
136	3316,3356,3323,3315,3346,3365,3328,3341,3351,3357
95	3389,3368,3374,3376,3371,3372,3388,3387,3380,3386
109	3506,3469,3464,3488,3500,3421,3513,3434,3487,3443
78	3551,3535,3548,3547,3544,3543,3545,3532,3531,3541
19	3566,3558,3573,3568,3567,3561,3557,3562,3569,3572
120	3579,3576,3580,3581,3577,3578
328	3592,3590,3593,3588,3585,3589,3584,3587,3582,3591
20	3621,3619,3617,3627,3630,3639,3624,3599,3601,3646
4	3664,3653,3671,3662,3666,3675,3657,3676,3672,3655
74	3693,3699,3701,3695,3687,3686,3697,3691,3698,3684
103	3708,3703,3705,3712,3707,3704,3706,3709,3713,3710
308	3714,3721,3725,3716,3722,3724,3719,3717,3715,3718
135	3728,3732,3726,3736,3743,3742,3735,3737,3741,3734
246	3766,3747,3752,3764,3768,3757,3772,3778,3750,3749
195	3788,3787,3794,3790,3797,3796,3782,3795,3781,3792
185	3883,3926,3864,3888,3971,3835,4006,4051,3941,3876
179	4066,4070,4073,4075,4074,4076,4065,4064,4062,4072
285	4133,4086,4153,4154,4186,4142,4137,4099,4104,4089
321	4208,4189,4199,4196,4202,4193,4200,4188,4207,4204
155	4221,4218,4224,4217,4219,4238,4239,4216,4235,4225
303	4247,4245,4248,4250,4243,4246,4242,4253,4249,4251
43	4263,4265,4275,4270,4279,4278,4283,4277,4280,4271
232	4299,4284,4302,4288,4291,4287,4307,4286,4285,4304
196	4311,4309,4313,4308,4310,4312
151	4328,4332,4346,4344,4325,4334,4318,4342,4339,4329
173	4353,4359,4350,4351,4358,4352,4361,4354,4355,4356
295	4374,4363,4378,4366,4372,4369,4362,4364,4365,4377
309	4386,4394,4395,4385,4390,4382,4387,4393,4383,4381
300	4398,4404,4407,4408,4409,4401,4406,4405,4400,4402
113	4413,4438,4430,4412,4433,4419,4436,4417,4423,4418
187	4483,4448,4500,4443,4479,4478,4456,4464,4480,4462
219	4528,4535,4525,4526,4515,4531,4513,4530,4512,4514
46	4546,4537,4551,4545,4553,4544,4541,4548,4540,4552
138	4558,4557,4560,4563,4566,4561,4571,4559,4567,4556
40	4572,4573,4575,4576,4577,4574
42	4593,4618,4603,4615,4585,4611,4607,4588,4579,4614
148	4661,4701,4622,4691,4634,4648,4625,4687,4667,4663
192	4726,4719,4712,4711,4725,4704,4720,4717,4715,4721
171	4739,4728,4733,4729,4734,4738,4731,4730,4735,4736
75	4744,4741,4740,4745,4742,4743
96	4772,4768,4773,4790,4762,4770,4757,4792,4775,4782
63	4796,4797,4801,4802,4805,4799,4798,4794,4795,4800
251	4806,4814,4828,4826,4821,4819,4825,4835,4813,4818
190	4846,4843,4844,4840,4847,4841,4837,4845,4836,4842
25	4850,4859,4855,4849,4856,4853,4863,4861,4848,4857
323	4882,4874,4878,4877,4883,4871,4881,4879,4869,4873
149	4884,4887,4886,4885,4889,4888
99	4900,4903,4905,4919,4906,4890,4896,4897,4918,4901
337	5004,4992,4945,4922,4990,4946,4970,4989,4921,5005
268	5013,5012,5021,5014,5016,5015,5019,5011,5017,5020
332	5023,5024,5022,5026,5027,5025
129	5079,5071,5051,5031,5046,5053,5080,5044,5040,5074
27	5085,5086,5087,5082,5084,5083
175	5118,5088,5103,5107,5111,5114,5090,5098,5108,5113
142	5129,5128,5131,5135,5137,5126,5140,5130,5127,5141
174	5151,5146,5154,5153,5156,5162,5149,5165,5159,5145
331	5170,5174,5167,5169,5173,5175,5166,5168,5171,5172
59	5178,5192,5182,5184,5180,5185,5188,5179,5190,5181
296	5203,5204,5196,5206,5197,5202,5200,5199,5207,5201
312	5218,5224,5210,5221,5213,5212,5220,5214,5217,5222
141	5231,5232,5233,5230,5228,5227,5237,5234,5236,5226
257	5261,5242,5256,5240,5248,5238,5245,5259,5258,5241
243	5308,5283,5280,5278,5268,5311,5262,5300,5297,5285
12	5357,5346,5347,5316,5334,5320,5336,5350,5325,5363
357	5445,5415,5418,5381,5401,5388,5406,5421,5409,5426
351	5468,5469,5460,5467,5471,5466,5461,5463,5470,5464
290	5477,5480,5483,5475,5473,5476,5479,5478,5474,5481
362	5495,5491,5493,5494,5486,5488,5489,5490,5484,5487
373	5502,5500,5511,5515,5505,5506,5499,5498,5518,5504
311	5520,5525,5523,5521,5522,5524
197	5547,5543,5536,5531,5532,5535,5555,5539,5526,5553
92	5565,5559,5562,5558,5573,5570,5561,5566,5560,5571
71	5579,5577,5576,5574,5584,5581,5575,5585,5583,5580
342	5593,5592,5595,5586,5597,5588,5589,5590,5596,5587
218	5625,5610,5602,5624,5621,5631,5609,5623,5601,5620
255	5641,5650,5638,5637,5635,5643,5646,5647,5639,5648
57	5660,5663,5662,5659,5661,5658
230	5695,5673,5669,5664,5679,5692,5665,5694,5680,5684
281	5702,5705,5700,5701,5703,5704
38	5708,5709,5710,5707,5706,5711
217	5717,5716,5715,5713,5714,5712
176	5718,5730,5746,5723,5744,5772,5759,5801,5745,5740
86	5847,5820,5827,5833,5835,5837,5824,5822,5838,5830
34	5857,5850,5851,5854,5859,5860,5853,5856,5861,5852
386	5874,5873,5868,5866,5878,5870,5871,5864,5862,5876
191	5913,5884,5898,5895,5890,5906,5882,5896,5912,5891
124	5921,5919,5924,5927,5918,5926,5923,5920,5916,5922
18	5956,5929,5951,5935,5941,5934,5930,5936,5931,5943
339	5962,5978,5998,5999,5981,5989,5997,5983,5980,5977
80	6045,6049,6003,6034,6041,6054,6048,6018,6028,6038
376	6076,6070,6072,6066,6069,6064,6071,6060,6065,6074
52	6144,6128,6113,6148,6124,6084,6096,6136,6095,6082
355	6151,6150,6159,6158,6154,6157,6156,6155,6152,6160
90	6176,6181,6193,6162,6172,6175,6185,6169,6196,6170
106	6199,6201,6207,6198,6204,6200,6205,6202,6206,6203
372	6214,6222,6215,6218,6210,6226,6212,6227,6223,6220
366	6259,6255,6251,6261,6262,6253,6254,6258,6250,6242
61	6265,6268,6266,6267,6264,6269
261	6310,6276,6290,6295,6329,6317,6312,6336,6323,6339
83	6343,6374,6352,6346,6349,6361,6362,6344,6348,6372
150	6385,6382,6379,6380,6387,6378,6386,6383,6388,6381
215	6406,6399,6408,6402,6414,6410,6417,6394,6411,6419
210	6420,6423,6421,6431,6424,6422,6430,6427,6425,6428
64	6436,6437,6432,6435,6433,6434
228	6447,6448,6445,6446,6441,6443,6449,6444,6438,6442
334	6458,6450,6463,6454,6473,6468,6455,6467,6461,6471
322	6484,6478,6479,6476,6483,6477,6481,6480,6474,6482
358	6488,6490,6487,6491,6486,6489
101	6549,6522,6526,6501,6493,6513,6504,6560,6494,6498
2	6569,6565,6570,6564,6574,6575,6573,6571,6568,6572
248	6598,6594,6586,6578,6597,6583,6592,6585,6589,6591
291	6606,6608,6621,6623,6622,6610,6626,6616,6607,6602
203	6636,6643,6653,6645,6644,6632,6652,6631,6648,6638
365	6686,6655,6683,6654,6657,6681,6667,6693,6659,6691
239	6701,6699,6700,6697,6704,6703,6717,6705,6709,6702
56	6725,6723,6721,6728,6722,6726,6724,6720,6730,6727
121	6737,6734,6736,6735,6733,6732
17	6740,6749,6744,6739,6746,6743,6747,6742,6748,6738
384	6753,6750,6754,6755,6752,6751
13	6763,6759,6781,6778,6757,6782,6776,6771,6760,6780
3	6789,6796,6797,6791,6787,6788,6790,6786,6793,6795
220	6809,6818,6799,6801,6813,6816,6808,6804,6800,6819
289	6825,6831,6836,6835,6832,6828,6829,6823,6833,6826
370	6843,6850,6847,6849,6842,6845,6851,6848,6846,6844
1	6862,6859,6852,6863,6856,6860,6853,6857,6855,6854
79	6864,6872,6865,6868,6870,6875,6874,6869,6867,6871
137	6880,6879,6881,6876,6877,6878
112	6888,6894,6887,6896,6904,6882,6898,6893,6886,6899
270	6918,6917,6907,6906,6915,6913,6909,6912,6919,6908
24	6924,6928,6929,6927,6926,6925
346	6947,6945,6938,6933,6936,6943,6934,6937,6932,6944
207	7003,6948,6958,6979,6949,6965,6985,6955,7017,6995
32	7024,7020,7025,7029,7027,7023,7022,7030,7026,7021
238	7037,7038,7034,7039,7036,7040,7041,7033,7035,7043
264	7061,7058,7053,7060,7052,7054,7050,7045,7044,7055
377	7066,7065,7067,7063,7071,7074,7068,7075,7069,7073
352	7087,7080,7086,7085,7083,7084,7082,7090,7088,7081
301	7099,7094,7095,7105,7106,7102,7103,7097,7109,7100
50	7110,7121,7119,7112,7111,7117,7120,7115,7113,7116
21	7131,7134,7137,7146,7139,7155,7154,7149,7150,7129
277	7160,7158,7163,7162,7161,7159
157	7165,7169,7167,7168,7166,7164
68	7172,7176,7181,7171,7173,7174,7170,7179,7175,7177
385	7184,7191,7188,7186,7198,7187,7196,7197,7190,7199
254	7212,7217,7200,7215,7201,7204,7213,7208,7211,7203
344	7225,7222,7219,7221,7226,7220,7224,7228,7227,7229
72	7244,7230,7236,7238,7233,7240,7239,7245,7235,7247
36	7272,7288,7327,7257,7275,7314,7270,7311,7295,7261
58	7348,7343,7336,7347,7339,7345,7335,7344,7334,7346
126	7350,7352,7353,7354,7355,7351
97	7419,7366,7440,7413,7409,7405,7384,7359,7406,7408
11	7504,7490,7496,7479,7485,7503,7484,7509,7487,7516
212	7518,7524,7519,7529,7520,7523,7526,7521,7528,7522
253	7531,7535,7534,7553,7548,7533,7558,7539,7541,7545
205	7579,7591,7560,7590,7588,7585,7561,7572,7582,7568
77	7607,7603,7606,7600,7598,7597,7599,7605,7602,7601
201	7679,7715,7671,7609,7610,7621,7714,7645,7637,7707
231	7725,7721,7731,7730,7724,7728,7719,7729,7732,7716
134	7735,7739,7737,7734,7736,7738
33	7740,7747,7745,7751,7742,7744,7749,7748,7743,7750
166	7764,7753,7758,7762,7760,7768,7763,7754,7769,7755
200	7775,7772,7770,7774,7773,7771
247	7785,7782,7777,7786,7778,7776,7787,7780,7779,7783
184	7790,7792,7789,7793,7791,7788
383	7795,7799,7798,7794,7796,7797
333	7810,7823,7844,7806,7837,7805,7826,7831,7800,7814
62	7852,7857,7869,7851,7853,7848,7864,7861,7859,7870
252	7877,7873,7907,7872,7895,7878,7874,7889,7875,7892
188	7943,7919,7909,7944,7932,7908,7935,7913,7949,7910
163	7955,7964,7961,7953,7967,7966,7956,7959,7952,7963
224	7974,7972,7978,7970,7973,7975,7976,7971,7979,7968
294	8000,7987,8008,7993,8013,7990,7995,7983,8002,7988
283	8028,8037,8047,8049,8059,8026,8030,8039,8042,8034
0	8067,8064,8068,8066,8065,8069
258	8072,8076,8071,8086,8075,8077,8087,8073,8084,8081
116	8105,8094,8100,8097,8101,8092,8109,8106,8099,8088
319	8112,8118,8121,8117,8125,8127,8113,8128,8130,8134
70	8152,8166,8170,8138,8136,8148,8164,8172,8176,8141
189	8181,8180,8193,8184,8200,8179,8182,8178,8196,8188
66	8243,8242,8246,8212,8217,8210,8218,8226,8206,8224
53	8257,8269,8251,8284,8272,8264,8281,8274,8270,8262
267	8296,8308,8291,8287,8289,8299,8303,8288,8305,8307
60	8312,8313,8318,8314,8317,8321,8316,8315,8310,8320
23	8331,8328,8326,8324,8329,8330,8327,8322,8333,8323
172	8347,8349,8342,8343,8339,8340,8351,8350,8335,8345
223	8363,8381,8366,8359,8355,8373,8358,8368,8377,8360
145	8387,8386,8384,8385,8382,8383
67	8396,8388,8389,8405,8395,8400,8393,8390,8408,8402
299	8412,8416,8415,8413,8414,8417
130	8441,8438,8426,8422,8429,8434,8418,8432,8425,8435
54	8470,8479,8481,8480,8490,8483,8471,8465,8456,8488
287	8501,8517,8513,8497,8508,8503,8515,8504,8506,8512
107	8526,8523,8533,8544,8548,8537,8524,8527,8535,8522
7	8554,8551,8552,8553,8557,8559,8550,8558,8560,8555
114	8627,8588,8609,8645,8575,8642,8596,8593,8568,8567
244	8659,8662,8653,8655,8650,8646,8661,8652,8656,8649
314	8691,8665,8681,8698,8692,8684,8680,8683,8677,8699
316	8721,8719,8718,8722,8720,8723
88	8728,8727,8729,8725,8724,8726
81	8730,8732,8738,8739,8737,8731,8735,8741,8736,8740
266	8747,8745,8742,8743,8746,8744
208	8751,8757,8756,8750,8762,8769,8766,8768,8758,8770
363	8784,8776,8772,8781,8791,8793,8795,8794,8785,8774
55	8801,8799,8797,8798,8806,8796,8804,8802,8805,8807
165	8814,8812,8813,8816,8817,8808,8815,8819,8811,8810
73	8822,8821,8823,8820,8825,8824
35	8838,8842,8830,8844,8828,8829,8839,8826,8847,8832
273	8872,8863,8858,8867,8860,8864,8851,8855,8857,8854
209	8884,8883,8882,8881,8876,8875,8878,8877,8885,8874
102	8890,8888,8886,8889,8891,8887
348	8897,8895,8906,8911,8892,8913,8902,8894,8905,8899
310	8943,8935,8934,8945,8931,8922,8923,8916,8939,8921
147	8949,8947,8955,8952,8954,8953,8951,8946,8956,8950
272	8966,8959,8960,8972,8976,8977,8963,8980,8968,8970
233	8989,8984,8982,8987,8993,8986,8985,8983,8990,8991
320	9001,8998,8996,9000,8997,8995,9005,8994,9002,9004
14	9023,9012,9017,9020,9010,9011,9019,9022,9013,9015
235	9029,9026,9027,9025,9028,9024
164	9045,9033,9046,9036,9043,9039,9037,9031,9032,9038
313	9050,9052,9051,9049,9048,9053
158	9058,9079,9060,9076,9062,9063,9077,9071,9075,9070
8	9087,9107,9104,9106,9093,9086,9085,9084,9096,9102
250	9111,9109,9112,9113,9108,9110
180	9130,9168,9172,9173,9119,9125,9136,9127,9161,9139
206	9174,9188,9180,9182,9189,9190,9181,9191,9185,9183
298	9197,9194,9193,9195,9196,9192
160	9202,9206,9200,9201,9198,9204,9199,9203,9208,9205
108	9212,9216,9219,9218,9211,9221,9224,9215,9222,9214
226	9243,9250,9253,9263,9259,9256,9260,9235,9258,9240
274	9274,9275,9272,9279,9270,9280,9276,9271,9278,9277
159	9282,9293,9290,9286,9287,9285,9289,9288,9283,9291
140	9323,9308,9296,9307,9297,9328,9312,9294,9315,9310
30	9337,9330,9331,9340,9332,9339,9336,9341,9334,9338
338	9369,9345,9348,9359,9366,9356,9353,9343,9342,9373
249	9389,9401,9384,9395,9398,9380,9378,9390,9391,9387
6	9421,9423,9414,9422,9413,9425,9424,9411,9415,9412
48	9426,9429,9430,9431,9427,9428
240	9448,9439,9442,9441,9444,9447,9432,9435,9446,9445
29	9451,9453,9461,9457,9463,9458,9467,9452,9462,9450
278	9484,9479,9488,9476,9483,9477,9487,9481,9478,9485
10	9513,9507,9502,9517,9508,9506,9503,9495,9494,9533
202	9572,9579,9560,9589,9575,9602,9556,9581,9611,9571
340	9620,9616,9617,9621,9618,9612,9619,9623,9615,9622
349	9624,9629,9627,9628,9625,9626
49	9836,9705,9900,9703,9683,9892,9884,9680,9833,9724
302	9912,9913,9925,9909,9923,9911,9910,9916,9926,9917
374	9946,9954,9933,9949,9952,9961,9938,9943,9962,9958
229	9973,9980,9969,9978,9970,9979,9976,9971,9972,9977
341	9981,9992,9989,9983,9987,9984,9991,9988,9986,9985
371	9995,9993,9997,9996,9994,9998
139	10003,10007,10002,10000,10005,10004,9999,10008,10006,10001
