237	23,9,6,16,3,17,22,20,21,18
69	11,9,0,3,7,1,10,5,6,4
182	13,14,12,7,16,1,3,15,10,4
214	8,4,6,5,3,7,2,11,10,9
356	4,10,5,3,9,8,0,1,6,2
276	4,5,1,0,2,3
204	22,44,40,19,39,4,37,15,16,29
51	13,10,15,11,16,1,4,6,2,8
221	18,10,3,40,0,20,28,39,37,31
227	19,7,28,23,15,17,3,8,6,9
115	11,6,27,9,18,29,16,3,5,14
364	9,11,6,3,5,10,1,0,4,8
198	1,2,13,18,15,11,19,17,5,8
245	1,6,17,14,0,10,2,7,8,16
271	3,4,18,13,16,17,21,1,0,6
307	13,19,17,9,15,10,23,16,20,22
89	14,6,1,10,9,21,0,3,8,12
336	7,0,4,12,14,17,2,5,11,13
242	43,41,31,40,1,21,29,39,16,23
153	2,13,3,10,17,12,15,1,14,4
293	44,13,31,58,68,12,77,41,16,42
128	8,4,7,3,0,16,6,9,19,2
305	5,2,3,1,0,4
98	3,24,27,25,8,16,29,14,5,4
37	0,9,17,5,3,25,11,18,24,13
181	11,9,1,2,4,8,5,7,6,10
193	34,21,17,11,33,15,18,2,14,35
133	34,21,5,11,4,3,14,29,38,0
260	28,0,26,2,6,5,35,27,15,30
186	0,1,5,17,13,22,9,4,2,20
127	8,7,4,0,9,5,6,11,3,1
156	5,10,3,11,8,9,7,1,0,6
354	49,34,5,37,17,48,47,42,0,4
152	1,10,4,9,8,0,7,2,3,5
131	11,13,1,17,0,2,10,7,6,8
110	11,12,3,8,7,14,0,4,2,1
241	10,0,11,9,8,6,7,4,2,1
94	5,4,8,6,2,3,0,13,9,10
262	15,2,13,8,3,4,9,17,14,16
183	11,4,7,5,6,10,0,9,8,2
297	29,26,8,21,14,5,27,18,4,25
368	0,11,8,6,9,3,5,10,7,2
85	40,13,32,18,26,5,3,35,41,31
306	15,20,21,17,8,11,0,16,23,10
379	55,35,30,28,15,33,16,29,40,20
280	10,6,2,0,9,11,1,7,4,5
104	23,8,24,5,2,6,7,1,15,18
335	15,8,5,7,1,13,9,17,3,6
286	5,2,3,0,1,4
105	20,7,6,1,0,22,21,13,4,14
15	4,8,0,6,7,11,3,1,5,9
279	15,35,36,39,19,17,32,11,6,44
256	5,1,8,11,3,2,6,4,10,7
304	2,4,0,3,5,1
65	70,40,99,71,11,66,89,60,94,62
123	1,10,18,5,4,14,23,0,16,20
327	32,15,44,38,14,13,17,45,59,42
168	6,21,10,23,13,5,17,15,4,7
325	1,33,50,24,27,39,60,46,51,62
170	15,16,5,6,3,13,11,0,10,8
216	26,22,12,17,10,7,23,28,2,5
45	63,67,115,56,142,129,69,127,36,38
9	21,12,15,36,4,11,9,42,19,22
369	26,45,73,35,49,25,39,11,59,40
259	10,2,3,4,5,9,0,11,8,7
353	3,11,7,1,8,2,9,10,6,4
100	2,0,5,14,17,13,16,6,3,10
350	7,8,5,6,9,2,4,1,10,3
146	3,18,35,15,9,37,33,40,19,22
144	4,2,3,11,16,8,12,1,17,13
91	8,0,7,5,1,10,2,3,4,6
194	4,1,0,5,3,2
236	1,11,0,3,9,4,2,5,10,7
87	7,15,3,20,19,11,8,13,16,17
16	5,11,10,8,7,4,1,3,2,9
199	14,10,4,7,11,15,13,9,3,5
222	9,2,0,3,6,5,10,4,8,11
315	4,9,0,7,3,12,15,1,14,16
39	4,20,0,13,14,21,9,7,23,19
225	7,6,8,3,2,0,11,1,5,10
31	5,4,3,2,1,0
263	15,32,14,5,19,11,34,46,13,10
317	9,1,2,3,4,8,6,0,10,5
275	5,16,20,2,0,3,14,4,11,17
41	2,1,6,10,7,5,9,11,3,4
143	27,8,28,1,7,16,19,26,10,0
161	9,4,8,5,11,10,3,7,2,1
318	6,2,5,10,9,1,8,11,3,0
93	8,6,7,2,9,10,1,4,11,0
375	6,12,11,1,8,14,9,7,13,2
76	10,22,25,18,13,6,8,0,2,11
234	8,63,24,73,75,37,78,49,57,6
330	29,11,26,46,53,49,12,21,6,15
132	5,7,4,0,6,16,10,14,8,11
361	6,9,1,3,5,4,17,16,11,0
47	0,4,1,5,3,2
167	2,9,6,10,3,8,11,5,0,1
343	18,17,13,15,28,1,5,6,22,7
84	4,7,0,6,10,8,5,3,9,11
345	10,4,5,13,2,3,14,6,8,11
82	17,2,19,16,23,29,22,25,1,18
122	53,14,28,67,36,39,20,44,68,35
26	1,0,4,8,6,9,7,11,2,3
292	11,10,1,0,8,4,2,9,6,3
22	0,1,2,3,4,5
213	7,3,11,0,8,9,2,4,6,1
378	70,21,62,9,84,77,3,34,97,15
118	4,9,10,6,3,8,5,11,0,7
288	7,10,2,8,6,5,3,0,4,9
382	7,8,11,10,5,3,4,9,0,2
117	4,7,11,9,0,5,6,10,2,1
324	6,7,18,11,4,15,24,5,35,29
329	19,14,1,22,21,2,5,7,11,15
367	2,11,4,8,6,0,7,3,1,10
380	33,29,5,50,49,46,3,47,21,7
381	7,17,1,16,0,9,12,2,10,15
28	8,11,10,1,3,9,6,4,5,7
360	1,5,7,8,4,2,9,10,11,6
284	6,28,21,4,14,3,24,17,0,7
154	28,7,13,17,1,11,26,24,3,20
282	11,13,21,4,23,19,16,14,18,12
265	14,19,11,6,4,18,0,15,2,10
162	5,8,4,9,6,1,0,3,7,2
125	3,9,8,10,4,1,5,7,0,11
359	17,10,9,16,13,12,0,7,3,2
136	11,45,22,30,39,20,0,34,16,4
95	5,2,10,6,22,18,11,9,17,4
109	24,98,116,123,126,13,78,125,136,79
78	23,20,17,10,16,22,11,14,13,0
19	20,4,14,16,17,23,10,2,8,3
120	0,1,4,3,2,5
328	8,11,6,10,1,9,0,2,3,4
20	25,5,36,41,48,23,53,24,27,9
4	14,16,23,4,8,5,18,12,34,24
74	15,2,10,11,1,6,12,9,5,0
103	3,9,7,6,10,8,4,1,2,0
308	0,5,11,7,10,8,1,2,6,3
135	0,3,15,9,16,17,12,11,13,6
246	24,11,34,3,25,20,16,13,32,27
195	12,1,0,3,13,14,7,8,17,9
185	183,69,167,253,85,235,203,13,145,93
179	2,10,8,3,13,11,4,0,9,7
285	50,74,62,8,53,95,93,97,30,12
321	12,14,11,8,2,4,17,3,20,19
155	21,9,24,6,26,15,19,2,1,8
303	3,0,5,11,8,7,10,4,6,9
43	19,9,29,27,21,1,24,14,11,20
232	9,23,16,19,7,3,20,11,8,0
196	2,0,1,4,5,3
151	2,25,11,12,27,15,24,19,20,6
173	3,8,11,1,0,4,9,2,10,5
295	16,2,10,1,12,15,13,7,11,3
309	10,6,14,13,3,0,2,1,9,17
300	0,2,7,10,8,4,1,3,5,6
113	13,25,20,9,8,5,26,11,19,10
187	57,63,41,43,52,60,39,38,24,40
219	21,2,13,3,20,4,8,22,16,23
46	15,1,14,5,2,0,4,13,10,7
138	4,5,14,6,13,9,12,1,7,0
40	2,4,3,0,5,1
42	33,40,15,26,6,28,29,22,3,37
148	10,30,28,5,65,76,2,77,71,47
192	9,15,13,14,16,21,11,2,7,5
171	11,2,1,0,5,3,9,10,6,8
75	3,4,0,1,2,5
96	27,31,17,38,36,16,26,4,3,22
63	7,8,2,6,3,9,11,5,1,0
251	15,0,16,8,19,21,20,29,1,2
190	7,8,4,10,0,2,1,6,9,11
25	2,1,0,5,7,4,13,9,17,11
323	17,6,5,11,13,8,4,9,16,2
149	3,0,1,2,5,4
99	10,15,6,16,13,21,18,29,7,26
337	4,72,84,69,29,35,16,17,74,54
268	3,9,11,2,4,6,7,1,10,8
332	5,1,2,0,4,3
129	16,3,51,49,43,39,46,25,19,42
27	0,5,3,4,2,1
175	0,26,35,10,15,23,30,19,24,18
142	5,17,8,4,16,2,7,3,15,13
174	23,12,2,19,9,8,10,20,11,4
331	3,0,8,9,11,4,7,1,2,5
59	7,13,2,10,6,0,14,5,4,9
296	6,10,8,5,11,7,4,2,3,1
312	2,10,16,13,4,6,11,8,12,1
141	4,7,10,2,3,5,6,9,11,1
257	5,18,3,7,13,16,2,4,17,21
243	51,18,19,46,42,4,0,6,41,14
12	47,3,7,5,4,15,9,40,29,41
357	18,62,51,29,80,20,12,81,57,88
351	7,3,11,10,0,8,1,2,4,6
290	6,8,11,1,5,3,4,7,2,10
362	9,7,4,10,8,11,2,1,6,5
373	22,19,20,6,10,15,14,7,1,16
311	5,3,1,0,4,2
197	29,10,20,17,0,5,6,19,23,28
92	17,8,9,14,6,2,3,4,1,15
71	0,9,3,10,2,1,11,6,4,7
342	6,0,4,9,7,10,11,3,8,1
218	33,12,9,11,23,31,21,26,7,34
255	4,16,3,19,1,9,7,14,11,12
57	0,1,5,4,2,3
230	31,23,33,0,15,21,9,35,27,20
281	2,1,5,4,0,3
38	4,2,3,0,1,5
217	4,2,3,5,1,0
176	26,56,82,0,97,12,63,8,20,53
86	7,25,13,6,5,16,3,21,23,12
34	7,6,2,10,0,1,4,9,8,5
386	11,16,12,4,2,6,13,3,5,0
191	17,20,7,22,24,2,15,9,32,26
124	11,0,1,10,5,2,8,6,3,9
18	13,25,7,6,1,23,17,2,19,5
339	33,40,25,19,4,41,0,27,23,15
80	16,49,27,58,32,54,12,19,46,48
376	15,5,10,4,6,0,16,9,3,14
52	60,66,50,45,47,23,25,16,58,35
355	5,0,8,6,9,11,4,1,7,2
90	31,8,32,35,34,14,1,13,24,3
106	3,6,1,9,7,10,2,11,4,8
372	17,12,8,5,16,13,11,0,1,7
366	33,25,24,27,32,22,15,28,4,19
61	4,1,5,3,0,2
261	42,71,55,57,34,45,28,44,52,40
83	35,1,12,15,20,19,24,5,14,4
150	1,7,10,0,3,8,4,9,2,5
215	13,4,18,5,23,24,8,27,7,22
210	4,0,1,11,3,2,8,6,10,7
64	4,5,2,0,3,1
228	9,11,10,3,5,4,0,8,1,6
334	17,7,21,23,15,5,10,0,19,20
322	0,10,3,5,1,4,8,2,11,7
358	2,4,1,0,3,5
101	38,7,16,24,11,1,51,49,68,57
2	3,11,0,10,7,9,8,4,1,2
248	22,10,16,7,0,13,21,15,14,18
291	4,6,17,19,10,12,8,24,3,22
203	6,22,10,13,23,8,15,3,20,17
365	20,32,0,4,39,29,6,13,40,35
239	16,1,21,5,11,3,17,9,10,4
56	3,1,6,2,4,8,5,0,11,7
121	5,2,3,1,4,0
17	2,6,1,8,3,9,10,4,7,5
384	3,4,2,5,0,1
13	3,7,23,25,1,15,10,11,24,26
3	10,11,3,1,5,2,9,0,7,4
220	18,20,1,3,8,11,4,23,9,7
289	11,13,3,9,16,8,6,2,15,14
370	10,2,0,1,5,11,4,3,6,9
1	10,4,3,6,8,7,2,5,11,1
79	0,1,3,7,5,10,4,9,8,2
137	3,4,5,0,2,1
112	2,6,17,9,14,15,13,12,11,20
270	12,9,6,13,10,8,0,11,15,7
24	4,0,5,2,3,1
346	17,6,8,2,14,15,4,16,13,5
207	0,37,55,56,29,57,38,10,52,31
32	4,3,2,6,7,11,1,9,10,0
238	2,7,1,5,9,8,0,10,3,11
264	0,9,16,10,1,8,17,12,6,2
377	7,8,4,14,17,13,12,3,6,1
352	7,0,1,4,9,10,2,3,5,6
301	11,17,14,9,4,15,12,16,3,7
50	0,10,11,6,5,9,7,1,3,2
21	33,9,27,23,20,24,5,15,12,10
277	0,2,4,3,1,5
157	3,1,5,2,4,0
68	4,1,5,6,9,8,3,7,2,10
385	9,14,15,0,10,4,5,13,2,16
254	17,15,6,9,12,11,4,3,7,14
344	8,4,1,3,2,10,6,7,9,0
72	14,0,2,3,6,5,4,17,12,9
36	27,19,37,42,63,61,26,46,47,24
58	3,15,12,16,4,5,13,7,17,14
126	2,0,4,5,1,3
97	117,69,52,63,28,78,102,10,19,64
11	20,40,5,8,25,32,9,14,7,28
212	0,1,6,5,8,2,10,11,3,4
253	5,18,22,11,23,26,16,1,15,20
205	12,28,11,9,30,8,1,31,6,27
77	7,10,11,3,4,1,9,5,0,2
201	71,67,37,93,103,45,9,8,77,62
231	5,14,8,13,12,3,4,0,10,15
134	5,2,3,1,4,0
33	2,4,5,11,7,1,8,9,6,0
166	2,17,4,11,9,6,3,12,1,14
200	5,0,2,1,3,4
247	9,8,10,6,1,2,5,11,7,0
184	1,4,2,0,3,5
383	1,5,4,2,0,3
333	33,38,2,37,7,14,39,27,0,26
62	3,9,8,11,15,13,20,7,5,19
252	1,8,19,27,35,18,6,24,22,15
188	27,40,2,28,8,11,39,13,9,38
163	5,14,10,11,0,16,8,9,17,2
224	3,10,7,8,6,1,2,5,4,0
294	0,29,38,7,20,18,1,11,40,31
283	4,6,11,38,20,8,31,26,36,1
0	3,0,4,1,2,5
258	2,1,16,3,11,8,6,7,15,12
116	17,9,5,0,23,12,18,6,21,10
319	22,13,18,1,19,0,15,5,12,3
70	40,28,36,19,13,37,16,32,0,8
189	3,17,2,23,15,18,16,6,10,13
66	1,41,19,17,4,24,44,8,15,40
53	20,9,14,19,10,27,28,13,30,23
267	10,22,3,8,2,18,1,14,16,7
60	3,2,11,5,4,7,6,8,0,1
23	0,8,2,4,7,11,9,5,3,1
172	15,16,5,14,17,8,13,7,1,2
223	17,4,11,16,6,25,14,3,27,7
145	5,4,3,2,0,1
67	8,4,19,5,7,18,12,23,14,10
299	4,0,1,3,2,5
130	3,16,20,14,15,6,7,2,5,23
54	52,5,33,23,8,51,28,15,39,24
287	5,22,12,17,1,7,14,19,4,16
107	6,27,2,9,3,4,24,1,19,10
7	7,2,3,8,10,9,1,11,4,0
114	17,5,65,77,18,34,63,32,4,57
244	15,16,13,9,1,0,8,2,12,14
314	8,27,1,38,45,28,31,24,19,20
316	3,1,2,5,4,0
88	3,4,0,1,2,5
81	8,7,0,4,9,2,3,11,6,1
266	4,1,0,3,5,2
208	21,15,20,18,7,8,9,1,17,22
363	10,22,4,21,19,14,7,5,16,3
55	3,11,10,2,1,8,5,6,0,7
165	11,6,4,5,10,3,9,1,8,7
73	1,0,5,4,2,3
35	3,23,4,13,6,15,16,1,5,22
273	13,10,7,1,18,14,15,0,5,2
209	9,10,11,8,5,2,7,0,1,3
102	2,4,0,5,1,3
348	11,0,18,5,21,17,3,8,16,7
310	24,23,25,18,4,12,27,5,6,19
147	3,8,9,11,1,7,6,4,0,2
272	18,9,1,22,3,11,20,8,19,7
233	2,5,0,7,3,9,11,1,4,6
320	7,9,2,4,6,11,0,5,1,10
14	7,9,6,4,16,11,13,17,0,14
235	5,2,3,4,1,0
164	1,2,0,5,8,10,9,16,11,12
313	2,1,3,5,0,4
158	2,4,24,25,29,11,6,21,27,23
8	18,14,20,6,10,22,3,9,12,23
250	4,3,0,5,1,2
180	59,40,16,28,21,24,14,22,50,47
206	15,6,3,14,5,9,16,1,11,4
298	5,1,3,2,4,0
160	5,1,8,2,7,6,4,10,11,0
108	2,8,13,10,9,12,3,11,5,4
226	19,9,34,21,25,6,29,10,33,3
274	2,9,1,10,0,4,8,7,11,3
159	0,11,4,5,6,8,9,3,10,1
140	29,13,8,0,10,1,33,28,18,14
30	4,9,7,2,11,1,0,10,3,5
338	1,23,27,17,14,5,34,15,6,4
249	11,9,23,17,29,1,13,26,20,7
6	5,11,13,17,16,14,4,2,10,6
48	5,1,0,4,2,3
240	7,10,8,0,9,1,12,3,15,2
29	14,1,2,10,5,13,11,12,7,0
278	10,13,5,17,19,18,3,9,11,7
10	3,30,21,15,25,16,10,41,36,14
202	63,50,41,38,45,20,21,58,51,23
340	6,8,7,1,11,0,2,10,5,3
349	3,2,1,0,4,5
49	268,105,37,262,0,206,77,40,45,249
302	3,17,4,6,5,14,11,16,8,0
374	31,2,29,11,6,37,5,24,25,16
229	4,0,9,6,1,11,2,7,8,3
341	5,8,2,4,6,0,7,9,1,3
371	4,1,3,5,0,2
139	4,8,5,3,9,7,1,6,11,2
